0.369305569159
0.502893260959
0.395853333864
0.18583731141
0.477798616988
0.497634898994
0.388102374129
0.443172091192
0.458595840774
0.363225072235
0.582482681269
0.479284654896
0.497247490949
0.497182625466
0.262307113018
0.505754541203
0.604921020795
0.451056460687
0.441349115514
0.210516122249
0.450797290623
0.365098788566
0.338158659894
0.381617916281
0.409125884757
0.344129260354
0.371148897921
0.319229556626
0.388062744538
0.356116768122
0.489413556542
0.251384925467
0.384116081874
0.401119148064
0.493231836671
0.422269019236
0.407111104358
0.539884219952
0.459038266413
0.540718399428
0.347417260864
0.481496107345
0.370923177952
0.348815021554
0.319907319512
0.351298127299
0.496881137912
0.328748351353
0.469721506367
0.446448229787
0.40658580287
0.409923382055
0.426105296595
0.451329724501
0.439748908782
0.573475047953
0.477798694389
0.515366629708
0.345896333336
0.400068970266
0.376396367781
0.390242221672
0.378499807527
0.386967879468
0.612784155013
0.4418761648
0.299023713404
0.438479782759
0.401550575981
0.507109890543
0.31945820193
0.346982952984
0.366762916148
0.41053706424
0.560069177605
0.315709564455
0.424024004475
0.422007388163
0.22850518389
0.319357712058
0.351150619692
0.422174772795
0.383653074617
0.506024016735
0.298749128292
0.334641642541
0.355485823668
0.43338472005
0.317928233497
0.36153571959
0.454146613222
0.498221853815
0.37208407666
0.339493849052
0.289913246124
0.332314010953
0.518183506331
0.314254814831
0.34205831363
0.44601442906
0.543180041332
0.416630176957
0.615843496942
