0.37833420558
0.30845249137
0.296252959339
0.18730325342
0.448850313204
0.4192125763
0.342270037548
0.390470183097
0.252939555448
0.130720944219
0.204642843219
0.377636944374
0.318559518194
0.4190867457
0.406201498189
0.347951848221
0.394314452709
0.299556300913
0.237843196413
0.200332650146
0.23692607571
0.157618501859
0.205225993044
0.284827033135
0.405484701734
0.271016435597
0.223923019291
0.312865901622
0.351128068863
0.334232419865
0.275238757273
0.244376396657
0.324913584694
0.218559068194
0.48296201254
0.442219206656
0.517417017969
0.375882247272
0.177533532633
0.26502179013
0.212327238068
0.419737709834
0.204528420512
0.297223092674
0.290081584472
0.361523602867
0.248369943483
0.255286217022
0.272710657835
0.404447940409
0.287739258092
0.390962580416
0.304876173758
0.385934936346
0.489102003301
0.348878036625
0.290664560033
0.544232824995
0.391840364572
0.587363270901
0.289483523747
0.476154363832
0.188610391731
0.135543081571
0.298302121962
0.372636821996
0.42341826412
0.364047250735
0.340332060578
0.32330486217
0.279864762474
0.298547522936
0.35317766906
0.301990388426
0.433958235084
0.491153307329
0.36692343906
0.344174285835
0.213885290005
0.371327760143
0.526626211893
0.409695378063
0.366098734883
0.220394116874
0.465839895933
0.307746960607
0.502685428483
0.418799742245
0.130867428447
0.492212724076
0.389638451409
0.411678750023
0.319753677795
0.291769044438
0.187309419293
0.254750286466
0.380576540578
0.218489522595
0.263553089292
0.233233957508
0.316985741546
0.483019968692
