0.437104203046
0.503661422648
0.309013860195
0.385576618052
0.34454811973
0.307576506147
0.326307855652
0.368441371273
0.350334022768
0.261064531456
0.287809594995
0.352437742459
0.197033175984
0.340357380733
0.37238216118
0.415017417396
0.294000535097
0.324261568345
0.355132067978
0.237763602481
0.380985096198
0.411311876443
0.347187078333
0.349475061546
0.373593033153
0.245521022333
0.236653514398
0.27622783621
0.235659791679
0.399201847889
0.334679935467
0.24126023833
0.249469402116
0.603499912103
0.388299158968
0.387817923894
0.485382699231
0.433061143961
0.218346533158
0.319955029509
0.427499518628
0.197272920988
0.384751531518
0.447201324446
0.335149904694
0.391463775953
0.253068028729
0.281663370822
0.334214594975
0.249088845027
0.316224716566
0.343193959403
0.311447908455
0.245865799715
0.290140844039
0.274084219522
0.379251703736
0.389656221277
0.464845111653
0.327938827605
0.257791473223
0.28072215174
0.420567261985
0.3890182026
0.304645102799
0.401419292488
0.119658407416
0.35346230229
0.421725784151
0.292478196576
0.27641418407
0.482927816355
0.396941715048
0.274006381351
0.354585858023
0.404288892941
0.303093093446
0.331978134414
0.34794699328
0.307403845995
0.3374352774
0.19157321353
0.236549793831
0.308739825984
0.380926761528
0.394000141112
0.416549639492
0.418623095157
0.384426687577
0.449162998773
0.346290080237
0.326180922245
0.363154147528
0.350692041062
0.322547175423
0.365322313984
0.279599893636
0.241042760448
0.256725104195
0.23303812546
0.460543025579
0.320085786422
0.418059646669
0.249404498069
0.296321496906
0.174134850109
0.39554895011
0.279329966233
0.223574256216
0.422053235863
