0.282112533746
0.319613095719
0.233764509053
0.103075638619
0.315921603468
0.274576094761
0.219377696255
0.286040545177
0.282314142909
0.208925037207
0.241081974258
0.3231882253
0.278253378562
0.233339224587
0.193478298732
0.153193397159
0.366885186234
0.232167188197
0.252600273613
0.145283658636
0.221676946592
0.194819595033
0.25394183625
0.241483075102
0.262773115498
0.267797981745
0.267329318523
0.228206999816
0.183228745217
0.18325171285
0.197178718394
0.209611004967
0.215764727244
0.351776366075
0.187207192602
0.453542691704
0.253806760058
0.323103074734
0.388881417914
0.288784080408
0.253899031804
0.306077265933
0.27600144332
0.286194537942
0.158686241613
0.292283610478
0.219306843626
0.172495752737
0.208136944497
0.17191230629
0.262087972212
0.218249531377
0.215280998273
0.208188702614
0.228025868226
0.229138751196
0.230841363298
0.312420195464
0.347675939169
0.255722448014
0.271976804014
0.314815035579
0.284095240603
0.215593685196
0.266409577874
0.217627848532
0.147319562551
0.225679117391
0.208339207783
0.34132924561
0.235557241432
0.30193885581
0.337570193546
0.23291798837
0.256553921722
0.336434838827
0.236646003304
0.351856476834
0.250206099686
0.0994977050092
0.170363994589
0.218274286906
0.233312822392
0.294084103788
0.242861282463
0.282949736975
0.230558902465
0.276861597576
0.227646869763
0.317333391704
0.245766058226
0.250480837166
0.253753984654
0.127709662689
0.169249486676
0.178072236887
0.337489216725
0.190009096442
0.209719967095
0.213457923726
0.341976146401
0.319029850913
