0.414490810992
0.199467699895
0.563966645644
0.3521452161
0.489583176108
0.427940144011
0.604576760699
0.37046816752
0.253509136179
0.314725810214
0.489779401137
0.470618189552
0.457468918983
0.407082599453
0.419501531445
0.277020604366
0.451305655936
0.489707653137
0.271674674598
0.241211382315
0.292516968728
0.291029014363
0.41912824134
0.334455095453
0.330813159093
0.322802193572
0.48231667988
0.391095599161
0.244350831068
0.420532584896
0.423042976314
0.20127229574
0.553119482064
0.414374840792
0.522477141527
0.147041796805
0.539332815335
0.414593022249
0.279319773211
0.316176791258
0.432813665032
0.528212685495
0.335335640159
0.521106522804
0.188659325082
0.466374539774
0.417898360214
0.246208028926
0.37861291191
0.454790578265
0.366216859238
0.44068383541
0.364235688474
0.387615838215
0.424222799128
0.512961367415
0.428391807127
0.51092217075
0.438201540274
0.189130194088
0.291203185894
0.438070979548
0.478467145102
0.24820925798
0.507456059219
0.3716406149
0.144565239822
0.413278623168
0.530617244498
0.405743416753
0.351331781519
0.287036537696
0.386498656593
0.328211956678
0.482026258299
0.342225859017
0.443039453503
0.371852109986
0.369742061822
0.383464151487
0.325066725444
0.562398227493
0.471212079112
0.365807304534
0.416920338227
0.419994334217
0.577591240737
0.275557217376
0.247535092842
0.418305089117
0.41539489183
0.421500266472
0.449141609358
0.175566537482
0.389641760498
0.513267314876
0.460809923935
0.41530648952
0.323247482358
0.437809970094
0.494984198943
0.388241695215
