0.233524097789
0.187293598063
0.375147486744
0.110880014686
0.153301315567
0.132257795496
0.181926305191
0.263618891294
0.155285924845
0.26442502036
0.178386036695
0.294161982753
0.193855371398
0.231636922012
0.232591339549
0.29930162906
0.259808032598
0.156967433987
0.245761981976
0.154067093797
0.272730470786
0.231757842118
0.300384528307
0.212984518359
0.217397138012
0.190889786355
0.168558788411
0.296685574731
0.211344270895
0.299998867285
0.201477923243
0.141712583805
0.222973610147
0.348346739328
0.266874491178
0.35235805501
0.285126858308
0.316027520293
0.274031336802
0.177826933657
0.104281028528
0.324144447609
0.132969889592
0.323222075575
0.21175105283
0.189679433512
0.190675061077
0.164000265573
0.215605300797
0.190326439233
0.293753042421
0.231236924187
0.20296404001
0.189105181598
0.330795872508
0.232453701117
0.150108206302
0.157176237249
0.319362108184
0.290868443659
0.283548821242
0.273515258664
0.411432390293
0.207177529033
0.308168588285
0.148198409633
0.1667017161
0.156855231928
0.190770334265
0.260769520016
0.163277432418
0.24646511818
0.218748896607
0.254728289938
0.265550127916
0.289717108369
0.222120597016
0.187759196004
0.297749532715
0.1930904083
0.198753693511
0.250881405394
0.310593902439
0.277398790742
0.26040986225
0.246453544533
0.289668832101
0.141202338171
0.129152480114
0.333191310525
0.286208599968
0.301248105589
0.292323955039
0.214596543869
0.282744051388
0.263125241168
0.423759752251
0.32332246681
0.223385648942
0.154404365202
0.232953202446
0.187299924422
