0.505193780476
0.491042341723
0.664398284362
0.223276280851
0.436197092522
0.468636805818
0.593327874468
0.549471370611
0.281703952617
0.331240468589
0.662081113261
0.556992710364
0.552180307018
0.617388667978
0.588646402548
0.566944478563
0.543933128747
0.49382768497
0.392708376949
0.41354234766
0.683062150084
0.334568787709
0.428117537942
0.588600912866
0.360064735673
0.6160781407
0.418477270484
0.296070296885
0.470741502527
0.539712976
0.539853548406
0.550741546337
0.532974766508
0.61984992476
0.478241850727
0.459003878664
0.515572642172
0.510833350939
0.499487203208
0.608539028078
0.52165805273
0.575438191787
0.312290124839
0.627628206754
0.382870920028
0.442132208716
0.582966576069
0.569699593744
0.355119609406
0.445545168033
0.576504316302
0.54185484015
0.538601330029
0.424339954563
0.3775626771
0.496900089562
0.511313660238
0.488700962403
0.49966440957
0.426860880397
0.500595888793
0.602381513418
0.565155867767
0.286903836943
0.543350694443
0.634840240486
0.646115593656
0.427825663665
0.560505577971
0.512045934639
0.667558664634
0.453235717801
0.623803759657
0.524116816795
0.559246672997
0.400815036712
0.528227253037
0.420858331932
0.445627155636
0.393975157437
0.427260143635
0.520828418066
0.466070702403
0.59833110661
0.360502610723
0.488475867461
0.542284747636
0.606532859134
0.387868413233
0.537803427708
0.391484111996
0.595179034372
0.47696340973
0.538457373261
0.439827841939
0.249399718158
0.551152508234
0.598799070437
0.429165122307
0.27009209736
0.598773937233
0.491206415041
