0.340163504574
0.144022823592
0.418464457524
0.287663402699
0.384445579786
0.336896117367
0.478578067346
0.299403496502
0.183030404066
0.236096711733
0.418146172104
0.409561398137
0.348871968453
0.300527191837
0.322477444011
0.222882873678
0.352867622403
0.384612803426
0.236619700613
0.192541293624
0.240451270707
0.238174177031
0.325035170421
0.218000074795
0.245569960043
0.220023303983
0.336703941015
0.333750403521
0.182143368097
0.346311723277
0.358960968989
0.168250709205
0.430945729658
0.296790334085
0.437875265029
0.111434678352
0.466774740254
0.304378212247
0.230205552628
0.220775633153
0.399427988959
0.417017615568
0.282137746506
0.395777958354
0.155017090574
0.369210976599
0.354314890182
0.1821813831
0.298497219772
0.31391382657
0.283034897175
0.363847880357
0.296719855688
0.296546045996
0.364731727526
0.427232278198
0.35342364391
0.392801377226
0.390281257347
0.143012490547
0.255286260704
0.411475127227
0.406267884997
0.191819760021
0.406225540027
0.304968624718
0.110399868472
0.336650743298
0.417958055205
0.331139137664
0.253122408538
0.223030330529
0.318959921496
0.243954909271
0.421446384743
0.263160358168
0.352225760513
0.288540765878
0.316677879399
0.252225893287
0.262270278948
0.474468401892
0.402105556365
0.268298402551
0.339534656916
0.369955183142
0.523665799277
0.19242282844
0.200810861838
0.355117439711
0.345900433415
0.340753849495
0.356711723026
0.11987296317
0.31322898981
0.383393619402
0.398525677192
0.346967114142
0.260461090995
0.350246682457
0.394473764262
0.329712517264
