0.421116471006
0.412947708004
0.299554543049
0.15065064479
0.396848994419
0.440169566704
0.351434788892
0.332123863398
0.398517041644
0.254047104849
0.447798327457
0.409146932977
0.391330776952
0.405982996578
0.289326723194
0.201252077198
0.514497585046
0.335870893381
0.370353636119
0.238648239726
0.27334056791
0.266989921299
0.363454114106
0.306686378943
0.373769029814
0.347955417579
0.390112300457
0.324488194979
0.353108433003
0.247360967516
0.289985251402
0.275788392674
0.300296008782
0.483291416721
0.345663881127
0.490778058845
0.388746378087
0.424190549195
0.506113121616
0.403128502835
0.282098223004
0.372027682215
0.422690084741
0.373009793886
0.215373708118
0.375241287424
0.259617437623
0.245410804762
0.403649752779
0.253037189633
0.403142275653
0.314369203744
0.297915412688
0.303105048761
0.326296904971
0.360222479
0.268422964718
0.39050063698
0.439158118244
0.346557398611
0.400292112645
0.425240502411
0.364627081474
0.378378159057
0.452509141906
0.301070533602
0.199639801667
0.349188275075
0.319260078752
0.47201947043
0.341325009193
0.426201094938
0.41567405802
0.33524931775
0.392560619435
0.494679652194
0.384297467803
0.423647958194
0.35811154174
0.142761211767
0.251131858591
0.274505927185
0.369979646358
0.395456748151
0.340887599619
0.405814101924
0.302129531149
0.347222402671
0.324801563385
0.40387696257
0.329916944018
0.292888990995
0.357374767224
0.235826514315
0.264043094894
0.256601270295
0.448247753825
0.351109687408
0.350936558436
0.349542557143
0.478675550695
0.481568155994
