0.340163504574
0.14413417732
0.460699188047
0.287663402699
0.384445579786
0.339836198098
0.494524567256
0.308060874587
0.183993591795
0.236096711733
0.420302824717
0.413455847261
0.382808234907
0.308337456868
0.328252320816
0.220138856718
0.353368405786
0.39771681532
0.236481345125
0.192541293624
0.24091652036
0.238174177031
0.330284034641
0.226200936517
0.245569960043
0.209639677018
0.336703941015
0.352969388957
0.182143368097
0.346311723277
0.375695286005
0.168250709205
0.443207738848
0.309776714079
0.451333181402
0.107908874077
0.466774740254
0.306163591323
0.24377688576
0.220775633153
0.405850443406
0.424956077622
0.286263627722
0.44204980464
0.1265992589
0.390652763889
0.354366276372
0.1821813831
0.298497219772
0.39048459466
0.282964492812
0.372121781649
0.296719855688
0.296546045996
0.364731727526
0.446494374411
0.359376452475
0.418758447693
0.397638551638
0.136360590712
0.269163482246
0.419877178589
0.315974612676
0.191819760021
0.409028765856
0.304968624718
0.111529198033
0.336650743298
0.436804031643
0.331139137664
0.255242312487
0.233141439944
0.320608482115
0.245384614088
0.422817916022
0.263160358168
0.352008150234
0.290033033491
0.318540689095
0.252225893287
0.272681781135
0.473737221536
0.402105556365
0.298517500464
0.34035422648
0.369955183142
0.523037680731
0.19242282844
0.19760254176
0.355117439711
0.345911060672
0.35163659769
0.359192324322
0.11987296317
0.31322898981
0.455615212415
0.442599697718
0.346967114142
0.263645731761
0.352879277197
0.403852504004
0.329844630288
