0.408060824275
0.448347611972
0.383291958653
0.295967782526
0.496214589148
0.367374112842
0.497868455787
0.471919199121
0.444029114205
0.431590293208
0.424596664708
0.470487173732
0.399579496048
0.52888753938
0.351912445473
0.577550817203
0.439227002692
0.366155889582
0.349468032196
0.377192178319
0.470206893245
0.372792381995
0.560054631688
0.367947933628
0.473473756988
0.45283760362
0.388349645338
0.247760010559
0.32764522551
0.394260432896
0.379323799017
0.296460775534
0.462619565086
0.37244320558
0.429347274974
0.527741851381
0.490469581997
0.448278579728
0.391224924334
0.376790734176
0.528804507659
0.555644825834
0.266810387899
0.464189584614
0.435087284896
0.450266211453
0.435117749958
0.41706095259
0.489800239571
0.514159364857
0.391594106186
0.312417890499
0.395013090746
0.362613145806
0.342126978507
0.4030259256
0.453459995547
0.360338381449
0.48441422231
0.291805469606
0.381673301385
0.359733875427
0.514933177944
0.381873961802
0.481845310113
0.396841314355
0.501460700777
0.362079267624
0.418486975986
0.302823944477
0.330468678274
0.426579600549
0.342184505797
0.264173002844
0.354795746231
0.336603103741
0.379033739063
0.49226646046
0.590365047665
0.527774075513
0.28564535361
0.369496010229
0.51483159162
0.457046738763
0.24626649576
0.437217867526
0.456716654357
0.324568150806
0.359078367915
0.351496191455
0.445641873668
0.369799448134
0.338944320204
0.331129222215
0.251330382406
0.369793879303
0.387848293195
0.437872027906
0.329242540886
0.589505489473
0.540182641662
0.588873855619
