0.29654695961
0.359247006079
0.405782188747
0.374876206728
0.150479274233
0.301936885562
0.440755276825
0.331016855169
0.365345904967
0.266817530571
0.439622570238
0.416846621352
0.407858755367
0.326882931525
0.222502969822
0.345463578162
0.376431406284
0.370059239259
0.26476310753
0.216314734323
0.324682614316
0.299772269989
0.445669889225
0.325947300576
0.281192190083
0.21010131145
0.28871835628
0.282658919836
0.267319748608
0.40659190375
0.321783527743
0.265871458309
0.316875577561
0.349975900957
0.347703897944
0.415046538248
0.271669939985
0.239163469629
0.417773143288
0.171998737205
0.477010252118
0.437766937309
0.392489147655
0.379287656313
0.109096907286
0.277080830486
0.295184214215
0.272726939114
0.315577183606
0.323600693346
0.386088840182
0.258308240056
0.274349266553
0.311646423832
0.426672389425
0.307442733987
0.280618966522
0.252380493393
0.334438774985
0.405669240496
0.353858746793
0.122954040543
0.362953790486
0.192896202141
0.548445103688
0.256858874619
0.173927051204
0.284175413015
0.310504698915
0.351391265021
0.165101429384
0.329965169618
0.332385569402
0.187972357671
0.386597431846
0.339465459651
0.293155068925
0.352809476686
0.36208089504
0.279529335896
0.462835978085
0.349987155996
0.456215603818
0.400962844942
0.308524217868
0.366957751277
0.454536736585
0.228026820649
0.457652972685
0.274932004248
0.305482502448
0.283588938653
0.389836242291
0.261682593069
0.180871994465
0.354002413177
0.485583156956
0.400284734336
0.271455939325
0.267891421272
0.201520627427
0.288070388885
