0.268634571369
0.349865169177
0.299630623639
0.206625218524
0.344248652182
0.275533840843
0.483980107196
0.309695931845
0.317094720825
0.259201056706
0.317221730449
0.368155281022
0.319331876657
0.346891529351
0.266569210988
0.568293403156
0.380952878789
0.241384309668
0.2103343461
0.253655434629
0.416784793406
0.18367553052
0.43382594815
0.306152445777
0.320517963028
0.287678621494
0.185401912543
0.178032867638
0.213838458476
0.262517061268
0.244752813138
0.219463051483
0.365632327223
0.289396695577
0.343584741196
0.370119998429
0.394410684852
0.326872912674
0.288438869464
0.296563340156
0.516504476892
0.500519434245
0.226423570259
0.38215837082
0.304023128528
0.423757972006
0.357889430693
0.349153687484
0.340557072066
0.322828278984
0.256405711118
0.241384599066
0.274848930918
0.279276830557
0.202233522829
0.292921593738
0.31315397008
0.256140547356
0.428308242282
0.226442386442
0.247812679756
0.253397513275
0.43792076801
0.199181723787
0.346971279432
0.220353812075
0.448856752774
0.256283233103
0.276331725038
0.177513512386
0.203623465255
0.278448460776
0.243543288544
0.178890601506
0.232061383836
0.249322347655
0.235626497257
0.405876646792
0.472794557096
0.380256346481
0.202645671299
0.271540415859
0.447710337651
0.311910874684
0.21419732535
0.243274894119
0.300946218304
0.209019081279
0.227195243125
0.239762997005
0.390744174216
0.287718078497
0.253467735611
0.254754049186
0.157182442679
0.222231351124
0.302695176418
0.335151351519
0.203856998258
0.387219963498
0.412340259156
0.45370553497
