0.296799192877
0.200380318833
0.225033339784
0.122915737364
0.242051306608
0.292978335848
0.249706044509
0.252330908966
0.113797570707
0.106511276402
0.139135613882
0.281200326068
0.26881518826
0.341888773061
0.245007215823
0.252004909802
0.262444532527
0.23393576672
0.178905320658
0.168132609216
0.146687365163
0.114966061346
0.128318519811
0.232729312098
0.261086142697
0.173793073719
0.10717199127
0.218228589212
0.228758097617
0.258246008764
0.162908033793
0.188601763192
0.226281334433
0.168242718154
0.328324121406
0.338669566965
0.339181671047
0.275720364821
0.11898453923
0.184486274254
0.156536716196
0.343124111758
0.164016994374
0.213292768118
0.215279224036
0.228673578531
0.165399256642
0.181722973048
0.190721507725
0.208079368398
0.18580783345
0.333670663709
0.235932969562
0.257370352699
0.305989650639
0.247715012899
0.199893401676
0.393202550563
0.287617726944
0.369464595214
0.207362351348
0.323961296216
0.140275092856
0.110966240775
0.186239200678
0.218649543026
0.240914767206
0.302608366643
0.17964938568
0.267826787982
0.189218255841
0.197520968596
0.250121104465
0.210699222324
0.30074438492
0.306898900825
0.276707657627
0.22247129016
0.152304527986
0.270693189062
0.444599203093
0.323406685057
0.219903944012
0.175312173253
0.334288553308
0.203656071682
0.327323176323
0.324051310134
0.0706118840074
0.317409719438
0.322626165883
0.299886174013
0.277552522062
0.228768148905
0.124240048163
0.180240580949
0.287418625211
0.177595162893
0.150852660949
0.177195129469
0.166664641684
0.385624380668
