0.196840198163
0.262082023441
0.278995332793
0.291273646721
0.117645038137
0.23197003824
0.316368563044
0.236049477734
0.20455189788
0.17761342302
0.295626205277
0.300029428602
0.334793351509
0.248627838827
0.16247427441
0.222279083968
0.24885213406
0.236362659882
0.215041237275
0.156319872587
0.256858322579
0.210701696816
0.298716487808
0.181371040723
0.202048290986
0.141958076989
0.167693244957
0.203967017276
0.183760452817
0.240794520376
0.193845394141
0.153187417089
0.195338719527
0.242345603224
0.283120850841
0.276293949809
0.210381320183
0.180872171403
0.242792026242
0.104665777868
0.338098362416
0.345516549982
0.236387104551
0.294237141239
0.0642412730125
0.180495651301
0.224826582269
0.181049340774
0.180984959592
0.24720621961
0.297877462531
0.20554139923
0.221200717807
0.24381325045
0.301551033618
0.191995899543
0.203627983049
0.197406331906
0.21918098184
0.300537422659
0.282492408068
0.0728888503654
0.272075552411
0.160381404209
0.281581516126
0.198253012633
0.138000182659
0.20299311607
0.189808349068
0.22317449112
0.127546367623
0.257668442549
0.162210207725
0.140976942788
0.232402385284
0.23743317267
0.199771646069
0.239377735245
0.264519007272
0.203345372544
0.279510941713
0.2787382061
0.346829962205
0.233803843925
0.2059680284
0.310362258557
0.320707839197
0.134574818815
0.307882525294
0.21609704267
0.210956202078
0.18481047361
0.257292861889
0.193351334903
0.114162065199
0.274487777922
0.359658066726
0.287129521505
0.174254564577
0.172195569648
0.135522635129
0.225783299552
